Case    |No      |Elem    |    F_A(t)  
      1.|      1.|    138.|       40.31
      1.|      2.|    110.|        0.61
      1.|      3.|     70.|       39.74
      1.|      4.|     70.|       39.74
      1.|      5.|     70.|       39.74
      1.|      6.|     70.|       39.74
      2.|      1.|    138.|       41.37
      2.|      2.|    110.|        0.04
      2.|      3.|     70.|       39.03
      2.|      4.|     70.|       39.03
      2.|      5.|     70.|       39.03
      2.|      6.|     70.|       39.03
      3.|      1.|    138.|       42.42
      3.|      2.|    110.|       -0.53
      3.|      3.|     70.|       38.31
      3.|      4.|     70.|       38.31
      3.|      5.|     70.|       38.31
      3.|      6.|     70.|       38.31
      4.|      1.|    138.|       43.46
      4.|      2.|    110.|       -1.09
      4.|      3.|     70.|       37.57
      4.|      4.|     70.|       37.57
      4.|      5.|     70.|       37.57
      4.|      6.|     70.|       37.57
      5.|      1.|    138.|       44.49
      5.|      2.|    110.|       -1.66
      5.|      3.|     70.|       36.83
      5.|      4.|     70.|       36.83
      5.|      5.|     70.|       36.83
      5.|      6.|     70.|       36.83
      6.|      1.|    138.|       45.50
      6.|      2.|    110.|       -2.23
      6.|      3.|     70.|       36.07
      6.|      4.|     70.|       36.07
      6.|      5.|     70.|       36.07
      6.|      6.|     70.|       36.07
      7.|      1.|    138.|       46.50
      7.|      2.|    110.|       -2.79
      7.|      3.|     70.|       35.31
      7.|      4.|     70.|       35.31
      7.|      5.|     70.|       35.31
      7.|      6.|     70.|       35.31
      8.|      1.|    138.|       47.48
      8.|      2.|    110.|       -3.36
      8.|      3.|     70.|       34.53
      8.|      4.|     70.|       34.53
      8.|      5.|     70.|       34.53
      8.|      6.|     70.|       34.53
      9.|      1.|    138.|       48.45
      9.|      2.|    110.|       -3.92
      9.|      3.|     70.|       33.74
      9.|      4.|     70.|       33.74
      9.|      5.|     70.|       33.74
      9.|      6.|     70.|       33.74
     10.|      1.|    138.|       49.40
     10.|      2.|    110.|       -4.48
     10.|      3.|     70.|       32.94
     10.|      4.|     70.|       32.94
     10.|      5.|     70.|       32.94
     10.|      6.|     70.|       32.94
     11.|      1.|    138.|       50.34
     11.|      2.|    110.|       -5.04
     11.|      3.|     70.|       32.14
     11.|      4.|     70.|       32.14
     11.|      5.|     70.|       32.14
     11.|      6.|     70.|       32.14
     12.|      1.|    138.|       51.27
     12.|      2.|    110.|       -5.60
     12.|      3.|     70.|       31.32
     12.|      4.|     70.|       31.32
     12.|      5.|     70.|       31.32
     12.|      6.|     70.|       31.32
     13.|      1.|    138.|       52.18
     13.|      2.|    110.|       -6.16
     13.|      3.|     70.|       30.49
     13.|      4.|     70.|       30.49
     13.|      5.|     70.|       30.49
     13.|      6.|     70.|       30.49
     14.|      1.|    138.|       53.07
     14.|      2.|    110.|       -6.72
     14.|      3.|     70.|       29.65
     14.|      4.|     70.|       29.65
     14.|      5.|     70.|       29.65
     14.|      6.|     70.|       29.65
     15.|      1.|    138.|       53.94
     15.|      2.|    110.|       -7.27
     15.|      3.|     70.|       28.81
     15.|      4.|     70.|       28.81
     15.|      5.|     70.|       28.81
     15.|      6.|     70.|       28.81
     16.|      1.|    138.|       54.80
     16.|      2.|    110.|       -7.82
     16.|      3.|     70.|       27.95
     16.|      4.|     70.|       27.95
     16.|      5.|     70.|       27.95
     16.|      6.|     70.|       27.95
     17.|      1.|    138.|       55.65
     17.|      2.|    110.|       -8.37
     17.|      3.|     70.|       27.09
     17.|      4.|     70.|       27.09
     17.|      5.|     70.|       27.09
     17.|      6.|     70.|       27.09
     18.|      1.|    138.|       56.47
     18.|      2.|    110.|       -8.92
     18.|      3.|     70.|       26.22
     18.|      4.|     70.|       26.22
     18.|      5.|     70.|       26.22
     18.|      6.|     70.|       26.22
     19.|      1.|    138.|       57.28
     19.|      2.|    110.|       -9.46
     19.|      3.|     70.|       25.34
     19.|      4.|     70.|       25.34
     19.|      5.|     70.|       25.34
     19.|      6.|     70.|       25.34
     20.|      1.|    138.|       58.07
     20.|      2.|    110.|      -10.00
     20.|      3.|     70.|       24.45
     20.|      4.|     70.|       24.45
     20.|      5.|     70.|       24.45
     20.|      6.|     70.|       24.45
     21.|      1.|    138.|       58.85
     21.|      2.|    110.|      -10.54
     21.|      3.|     70.|       23.56
     21.|      4.|     70.|       23.56
     21.|      5.|     70.|       23.56
     21.|      6.|     70.|       23.56
     22.|      1.|    138.|       59.60
     22.|      2.|    110.|      -11.08
     22.|      3.|     70.|       22.66
     22.|      4.|     70.|       22.66
     22.|      5.|     70.|       22.66
     22.|      6.|     70.|       22.66
     23.|      1.|    138.|       60.34
     23.|      2.|    110.|      -11.61
     23.|      3.|     70.|       21.75
     23.|      4.|     70.|       21.75
     23.|      5.|     70.|       21.75
     23.|      6.|     70.|       21.75
     24.|      1.|    138.|       61.06
     24.|      2.|    110.|      -12.13
     24.|      3.|     70.|       20.83
     24.|      4.|     70.|       20.83
     24.|      5.|     70.|       20.83
     24.|      6.|     70.|       20.83
     25.|      1.|    138.|       61.76
     25.|      2.|    110.|      -12.66
     25.|      3.|     70.|       19.91
     25.|      4.|     70.|       19.91
     25.|      5.|     70.|       19.91
     25.|      6.|     70.|       19.91
     26.|      1.|    138.|       62.44
     26.|      2.|    110.|      -13.18
     26.|      3.|     70.|       18.99
     26.|      4.|     70.|       18.99
     26.|      5.|     70.|       18.99
     26.|      6.|     70.|       18.99
     27.|      1.|    138.|       63.11
     27.|      2.|    110.|      -13.70
     27.|      3.|     70.|       18.05
     27.|      4.|     70.|       18.05
     27.|      5.|     70.|       18.05
     27.|      6.|     70.|       18.05
     28.|      1.|    138.|       63.75
     28.|      2.|    110.|      -14.21
     28.|      3.|     70.|       17.11
     28.|      4.|     70.|       17.11
     28.|      5.|     70.|       17.11
     28.|      6.|     70.|       17.11
     29.|      1.|    138.|       64.38
     29.|      2.|    110.|      -14.72
     29.|      3.|     70.|       16.17
     29.|      4.|     70.|       16.17
     29.|      5.|     70.|       16.17
     29.|      6.|     70.|       16.17
     30.|      1.|    138.|       64.98
     30.|      2.|    110.|      -15.22
     30.|      3.|     70.|       15.22
     30.|      4.|     70.|       15.22
     30.|      5.|     70.|       15.22
     30.|      6.|     70.|       15.22
     31.|      1.|    138.|       65.56
     31.|      2.|    110.|      -15.72
     31.|      3.|     70.|       14.27
     31.|      4.|     70.|       14.27
     31.|      5.|     70.|       14.27
     31.|      6.|     70.|       14.27
     32.|      1.|    138.|       66.13
     32.|      2.|    110.|      -16.21
     32.|      3.|     70.|       13.31
     32.|      4.|     70.|       13.31
     32.|      5.|     70.|       13.31
     32.|      6.|     70.|       13.31
     33.|      1.|    138.|       66.67
     33.|      2.|    110.|      -16.70
     33.|      3.|     70.|       12.35
     33.|      4.|     70.|       12.35
     33.|      5.|     70.|       12.35
     33.|      6.|     70.|       12.35
     34.|      1.|    138.|       67.20
     34.|      2.|    110.|      -17.18
     34.|      3.|     70.|       11.38
     34.|      4.|     70.|       11.38
     34.|      5.|     70.|       11.38
     34.|      6.|     70.|       11.38
     35.|      1.|    138.|       67.70
     35.|      2.|    110.|      -17.66
     35.|      3.|     70.|       10.41
     35.|      4.|     70.|       10.41
     35.|      5.|     70.|       10.41
     35.|      6.|     70.|       10.41
     36.|      1.|    138.|       68.19
     36.|      2.|    110.|      -18.14
     36.|      3.|     70.|        9.44
     36.|      4.|     70.|        9.44
     36.|      5.|     70.|        9.44
     36.|      6.|     70.|        9.44
     37.|      1.|    138.|       68.65
     37.|      2.|    110.|      -18.60
     37.|      3.|     70.|        8.46
     37.|      4.|     70.|        8.46
     37.|      5.|     70.|        8.46
     37.|      6.|     70.|        8.46
     38.|      1.|    138.|       69.09
     38.|      2.|    110.|      -19.07
     38.|      3.|     70.|        7.49
     38.|      4.|     70.|        7.49
     38.|      5.|     70.|        7.49
     38.|      6.|     70.|        7.49
     39.|      1.|    138.|       69.51
     39.|      2.|    110.|      -19.52
     39.|      3.|     70.|        6.51
     39.|      4.|     70.|        6.51
     39.|      5.|     70.|        6.51
     39.|      6.|     70.|        6.51
     40.|      1.|    138.|       69.91
     40.|      2.|    110.|      -19.97
     40.|      3.|     70.|        5.52
     40.|      4.|     70.|        5.52
     40.|      5.|     70.|        5.52
     40.|      6.|     70.|        5.52
     41.|      1.|    138.|       70.29
     41.|      2.|    110.|      -20.42
     41.|      3.|     70.|        4.54
     41.|      4.|     70.|        4.54
     41.|      5.|     70.|        4.54
     41.|      6.|     70.|        4.54
     42.|      1.|    138.|       70.65
     42.|      2.|    110.|      -20.86
     42.|      3.|     70.|        3.56
     42.|      4.|     70.|        3.56
     42.|      5.|     70.|        3.56
     42.|      6.|     70.|        3.56
     43.|      1.|    138.|       70.98
     43.|      2.|    110.|      -21.29
     43.|      3.|     70.|        2.57
     43.|      4.|     70.|        2.57
     43.|      5.|     70.|        2.57
     43.|      6.|     70.|        2.57
     44.|      1.|    138.|       71.30
     44.|      2.|    110.|      -21.71
     44.|      3.|     70.|        1.58
     44.|      4.|     70.|        1.58
     44.|      5.|     70.|        1.58
     44.|      6.|     70.|        1.58
     45.|      1.|    138.|       71.59
     45.|      2.|    110.|      -22.13
     45.|      3.|     70.|        0.59
     45.|      4.|     70.|        0.59
     45.|      5.|     70.|        0.59
     45.|      6.|     70.|        0.59
     46.|      1.|    138.|       71.86
     46.|      2.|    110.|      -22.54
     46.|      3.|     70.|       -0.39
     46.|      4.|     70.|       -0.39
     46.|      5.|     70.|       -0.39
     46.|      6.|     70.|       -0.39
     47.|      1.|    138.|       72.11
     47.|      2.|    110.|      -22.95
     47.|      3.|     70.|       -1.38
     47.|      4.|     70.|       -1.38
     47.|      5.|     70.|       -1.38
     47.|      6.|     70.|       -1.38
     48.|      1.|    138.|       72.33
     48.|      2.|    110.|      -23.35
     48.|      3.|     70.|       -2.37
     48.|      4.|     70.|       -2.37
     48.|      5.|     70.|       -2.37
     48.|      6.|     70.|       -2.37
     49.|      1.|    138.|       72.54
     49.|      2.|    110.|      -23.74
     49.|      3.|     70.|       -3.35
     49.|      4.|     70.|       -3.35
     49.|      5.|     70.|       -3.35
     49.|      6.|     70.|       -3.35
     50.|      1.|    138.|       72.72
     50.|      2.|    110.|      -24.12
     50.|      3.|     70.|       -4.34
     50.|      4.|     70.|       -4.34
     50.|      5.|     70.|       -4.34
     50.|      6.|     70.|       -4.34
     51.|      1.|    138.|       72.88
     51.|      2.|    110.|      -24.50
     51.|      3.|     70.|       -5.32
     51.|      4.|     70.|       -5.32
     51.|      5.|     70.|       -5.32
     51.|      6.|     70.|       -5.32
     52.|      1.|    138.|       73.02
     52.|      2.|    110.|      -24.87
     52.|      3.|     70.|       -6.31
     52.|      4.|     70.|       -6.31
     52.|      5.|     70.|       -6.31
     52.|      6.|     70.|       -6.31
     53.|      1.|    138.|       73.13
     53.|      2.|    110.|      -25.23
     53.|      3.|     70.|       -7.29
     53.|      4.|     70.|       -7.29
     53.|      5.|     70.|       -7.29
     53.|      6.|     70.|       -7.29
     54.|      1.|    138.|       73.23
     54.|      2.|    110.|      -25.58
     54.|      3.|     70.|       -8.27
     54.|      4.|     70.|       -8.27
     54.|      5.|     70.|       -8.27
     54.|      6.|     70.|       -8.27
     55.|      1.|    138.|       73.30
     55.|      2.|    110.|      -25.93
     55.|      3.|     70.|       -9.24
     55.|      4.|     70.|       -9.24
     55.|      5.|     70.|       -9.24
     55.|      6.|     70.|       -9.24
     56.|      1.|    138.|       73.35
     56.|      2.|    110.|      -26.26
     56.|      3.|     70.|      -10.21
     56.|      4.|     70.|      -10.21
     56.|      5.|     70.|      -10.21
     56.|      6.|     70.|      -10.21
     57.|      1.|    138.|       73.37
     57.|      2.|    110.|      -26.59
     57.|      3.|     70.|      -11.18
     57.|      4.|     70.|      -11.18
     57.|      5.|     70.|      -11.18
     57.|      6.|     70.|      -11.18
     58.|      1.|    138.|       73.38
     58.|      2.|    110.|      -26.92
     58.|      3.|     70.|      -12.15
     58.|      4.|     70.|      -12.15
     58.|      5.|     70.|      -12.15
     58.|      6.|     70.|      -12.15
     59.|      1.|    138.|       73.36
     59.|      2.|    110.|      -27.23
     59.|      3.|     70.|      -13.11
     59.|      4.|     70.|      -13.11
     59.|      5.|     70.|      -13.11
     59.|      6.|     70.|      -13.11
     60.|      1.|    138.|       73.32
     60.|      2.|    110.|      -27.53
     60.|      3.|     70.|      -14.07
     60.|      4.|     70.|      -14.07
     60.|      5.|     70.|      -14.07
     60.|      6.|     70.|      -14.07
     61.|      1.|    138.|       73.25
     61.|      2.|    110.|      -27.83
     61.|      3.|     70.|      -15.03
     61.|      4.|     70.|      -15.03
     61.|      5.|     70.|      -15.03
     61.|      6.|     70.|      -15.03
     62.|      1.|    138.|       73.17
     62.|      2.|    110.|      -28.12
     62.|      3.|     70.|      -15.98
     62.|      4.|     70.|      -15.98
     62.|      5.|     70.|      -15.98
     62.|      6.|     70.|      -15.98
     63.|      1.|    138.|       73.06
     63.|      2.|    110.|      -28.40
     63.|      3.|     70.|      -16.92
     63.|      4.|     70.|      -16.92
     63.|      5.|     70.|      -16.92
     63.|      6.|     70.|      -16.92
     64.|      1.|    138.|       72.93
     64.|      2.|    110.|      -28.67
     64.|      3.|     70.|      -17.86
     64.|      4.|     70.|      -17.86
     64.|      5.|     70.|      -17.86
     64.|      6.|     70.|      -17.86
     65.|      1.|    138.|       72.78
     65.|      2.|    110.|      -28.93
     65.|      3.|     70.|      -18.80
     65.|      4.|     70.|      -18.80
     65.|      5.|     70.|      -18.80
     65.|      6.|     70.|      -18.80
     66.|      1.|    138.|       72.60
     66.|      2.|    110.|      -29.19
     66.|      3.|     70.|      -19.72
     66.|      4.|     70.|      -19.72
     66.|      5.|     70.|      -19.72
     66.|      6.|     70.|      -19.72
     67.|      1.|    138.|       72.41
     67.|      2.|    110.|      -29.43
     67.|      3.|     70.|      -20.65
     67.|      4.|     70.|      -20.65
     67.|      5.|     70.|      -20.65
     67.|      6.|     70.|      -20.65
     68.|      1.|    138.|       72.19
     68.|      2.|    110.|      -29.67
     68.|      3.|     70.|      -21.56
     68.|      4.|     70.|      -21.56
     68.|      5.|     70.|      -21.56
     68.|      6.|     70.|      -21.56
     69.|      1.|    138.|       71.95
     69.|      2.|    110.|      -29.89
     69.|      3.|     70.|      -22.47
     69.|      4.|     70.|      -22.47
     69.|      5.|     70.|      -22.47
     69.|      6.|     70.|      -22.47
     70.|      1.|    138.|       71.69
     70.|      2.|    110.|      -30.11
     70.|      3.|     70.|      -23.38
     70.|      4.|     70.|      -23.38
     70.|      5.|     70.|      -23.38
     70.|      6.|     70.|      -23.38
     71.|      1.|    138.|       71.40
     71.|      2.|    110.|      -30.32
     71.|      3.|     70.|      -24.27
     71.|      4.|     70.|      -24.27
     71.|      5.|     70.|      -24.27
     71.|      6.|     70.|      -24.27
     72.|      1.|    138.|       71.10
     72.|      2.|    110.|      -30.52
     72.|      3.|     70.|      -25.16
     72.|      4.|     70.|      -25.16
     72.|      5.|     70.|      -25.16
     72.|      6.|     70.|      -25.16
     73.|      1.|    138.|       70.77
     73.|      2.|    110.|      -30.71
     73.|      3.|     70.|      -26.04
     73.|      4.|     70.|      -26.04
     73.|      5.|     70.|      -26.04
     73.|      6.|     70.|      -26.04
     74.|      1.|    138.|       70.42
     74.|      2.|    110.|      -30.89
     74.|      3.|     70.|      -26.91
     74.|      4.|     70.|      -26.91
     74.|      5.|     70.|      -26.91
     74.|      6.|     70.|      -26.91
     75.|      1.|    138.|       70.05
     75.|      2.|    110.|      -31.06
     75.|      3.|     70.|      -27.78
     75.|      4.|     70.|      -27.78
     75.|      5.|     70.|      -27.78
     75.|      6.|     70.|      -27.78
     76.|      1.|    138.|       69.66
     76.|      2.|    110.|      -31.22
     76.|      3.|     70.|      -28.64
     76.|      4.|     70.|      -28.64
     76.|      5.|     70.|      -28.64
     76.|      6.|     70.|      -28.64
     77.|      1.|    138.|       69.24
     77.|      2.|    110.|      -31.38
     77.|      3.|     70.|      -29.48
     77.|      4.|     70.|      -29.48
     77.|      5.|     70.|      -29.48
     77.|      6.|     70.|      -29.48
     78.|      1.|    138.|       68.81
     78.|      2.|    110.|      -31.52
     78.|      3.|     70.|      -30.32
     78.|      4.|     70.|      -30.32
     78.|      5.|     70.|      -30.32
     78.|      6.|     70.|      -30.32
     79.|      1.|    138.|       68.35
     79.|      2.|    110.|      -31.65
     79.|      3.|     70.|      -31.15
     79.|      4.|     70.|      -31.15
     79.|      5.|     70.|      -31.15
     79.|      6.|     70.|      -31.15
     80.|      1.|    138.|       67.88
     80.|      2.|    110.|      -31.77
     80.|      3.|     70.|      -31.97
     80.|      4.|     70.|      -31.97
     80.|      5.|     70.|      -31.97
     80.|      6.|     70.|      -31.97
     81.|      1.|    138.|       67.38
     81.|      2.|    110.|      -31.89
     81.|      3.|     70.|      -32.78
     81.|      4.|     70.|      -32.78
     81.|      5.|     70.|      -32.78
     81.|      6.|     70.|      -32.78
     82.|      1.|    138.|       66.86
     82.|      2.|    110.|      -31.99
     82.|      3.|     70.|      -33.58
     82.|      4.|     70.|      -33.58
     82.|      5.|     70.|      -33.58
     82.|      6.|     70.|      -33.58
     83.|      1.|    138.|       66.33
     83.|      2.|    110.|      -32.09
     83.|      3.|     70.|      -34.37
     83.|      4.|     70.|      -34.37
     83.|      5.|     70.|      -34.37
     83.|      6.|     70.|      -34.37
     84.|      1.|    138.|       65.77
     84.|      2.|    110.|      -32.17
     84.|      3.|     70.|      -35.15
     84.|      4.|     70.|      -35.15
     84.|      5.|     70.|      -35.15
     84.|      6.|     70.|      -35.15
     85.|      1.|    138.|       65.19
     85.|      2.|    110.|      -32.25
     85.|      3.|     70.|      -35.92
     85.|      4.|     70.|      -35.92
     85.|      5.|     70.|      -35.92
     85.|      6.|     70.|      -35.92
     86.|      1.|    138.|       64.59
     86.|      2.|    110.|      -32.31
     86.|      3.|     70.|      -36.68
     86.|      4.|     70.|      -36.68
     86.|      5.|     70.|      -36.68
     86.|      6.|     70.|      -36.68
     87.|      1.|    138.|       63.98
     87.|      2.|    110.|      -32.37
     87.|      3.|     70.|      -37.42
     87.|      4.|     70.|      -37.42
     87.|      5.|     70.|      -37.42
     87.|      6.|     70.|      -37.42
     88.|      1.|    138.|       63.34
     88.|      2.|    110.|      -32.41
     88.|      3.|     70.|      -38.16
     88.|      4.|     70.|      -38.16
     88.|      5.|     70.|      -38.16
     88.|      6.|     70.|      -38.16
     89.|      1.|    138.|       62.68
     89.|      2.|    110.|      -32.45
     89.|      3.|     70.|      -38.88
     89.|      4.|     70.|      -38.88
     89.|      5.|     70.|      -38.88
     89.|      6.|     70.|      -38.88
     90.|      1.|    138.|       62.01
     90.|      2.|    110.|      -32.47
     90.|      3.|     70.|      -39.59
     90.|      4.|     70.|      -39.59
     90.|      5.|     70.|      -39.59
     90.|      6.|     70.|      -39.59
     91.|      1.|    138.|       61.31
     91.|      2.|    110.|      -32.49
     91.|      3.|     70.|      -40.29
     91.|      4.|     70.|      -40.29
     91.|      5.|     70.|      -40.29
     91.|      6.|     70.|      -40.29
     92.|      1.|    138.|       60.60
     92.|      2.|    110.|      -32.49
     92.|      3.|     70.|      -40.98
     92.|      4.|     70.|      -40.98
     92.|      5.|     70.|      -40.98
     92.|      6.|     70.|      -40.98
     93.|      1.|    138.|       59.87
     93.|      2.|    110.|      -32.49
     93.|      3.|     70.|      -41.66
     93.|      4.|     70.|      -41.66
     93.|      5.|     70.|      -41.66
     93.|      6.|     70.|      -41.66
     94.|      1.|    138.|       59.12
     94.|      2.|    110.|      -32.47
     94.|      3.|     70.|      -42.32
     94.|      4.|     70.|      -42.32
     94.|      5.|     70.|      -42.32
     94.|      6.|     70.|      -42.32
     95.|      1.|    138.|       58.35
     95.|      2.|    110.|      -32.45
     95.|      3.|     70.|      -42.97
     95.|      4.|     70.|      -42.97
     95.|      5.|     70.|      -42.97
     95.|      6.|     70.|      -42.97
     96.|      1.|    138.|       57.57
     96.|      2.|    110.|      -32.42
     96.|      3.|     70.|      -43.60
     96.|      4.|     70.|      -43.60
     96.|      5.|     70.|      -43.60
     96.|      6.|     70.|      -43.60
     97.|      1.|    138.|       56.76
     97.|      2.|    110.|      -32.37
     97.|      3.|     70.|      -44.23
     97.|      4.|     70.|      -44.23
     97.|      5.|     70.|      -44.23
     97.|      6.|     70.|      -44.23
     98.|      1.|    138.|       55.94
     98.|      2.|    110.|      -32.32
     98.|      3.|     70.|      -44.84
     98.|      4.|     70.|      -44.84
     98.|      5.|     70.|      -44.84
     98.|      6.|     70.|      -44.84
     99.|      1.|    138.|       55.11
     99.|      2.|    110.|      -32.26
     99.|      3.|     70.|      -45.43
     99.|      4.|     70.|      -45.43
     99.|      5.|     70.|      -45.43
     99.|      6.|     70.|      -45.43
    100.|      1.|    138.|       54.25
    100.|      2.|    110.|      -32.18
    100.|      3.|     70.|      -46.01
    100.|      4.|     70.|      -46.01
    100.|      5.|     70.|      -46.01
    100.|      6.|     70.|      -46.01
    101.|      1.|    138.|       53.38
    101.|      2.|    110.|      -32.10
    101.|      3.|     70.|      -46.58
    101.|      4.|     70.|      -46.58
    101.|      5.|     70.|      -46.58
    101.|      6.|     70.|      -46.58
    102.|      1.|    138.|       52.50
    102.|      2.|    110.|      -32.01
    102.|      3.|     70.|      -47.13
    102.|      4.|     70.|      -47.13
    102.|      5.|     70.|      -47.13
    102.|      6.|     70.|      -47.13
    103.|      1.|    138.|       51.59
    103.|      2.|    110.|      -31.90
    103.|      3.|     70.|      -47.67
    103.|      4.|     70.|      -47.67
    103.|      5.|     70.|      -47.67
    103.|      6.|     70.|      -47.67
    104.|      1.|    138.|       50.68
    104.|      2.|    110.|      -31.79
    104.|      3.|     70.|      -48.20
    104.|      4.|     70.|      -48.20
    104.|      5.|     70.|      -48.20
    104.|      6.|     70.|      -48.20
    105.|      1.|    138.|       49.74
    105.|      2.|    110.|      -31.67
    105.|      3.|     70.|      -48.71
    105.|      4.|     70.|      -48.71
    105.|      5.|     70.|      -48.71
    105.|      6.|     70.|      -48.71
    106.|      1.|    138.|       48.79
    106.|      2.|    110.|      -31.54
    106.|      3.|     70.|      -49.20
    106.|      4.|     70.|      -49.20
    106.|      5.|     70.|      -49.20
    106.|      6.|     70.|      -49.20
    107.|      1.|    138.|       47.83
    107.|      2.|    110.|      -31.40
    107.|      3.|     70.|      -49.69
    107.|      4.|     70.|      -49.69
    107.|      5.|     70.|      -49.69
    107.|      6.|     70.|      -49.69
    108.|      1.|    138.|       46.85
    108.|      2.|    110.|      -31.25
    108.|      3.|     70.|      -50.15
    108.|      4.|     70.|      -50.15
    108.|      5.|     70.|      -50.15
    108.|      6.|     70.|      -50.15
    109.|      1.|    138.|       45.86
    109.|      2.|    110.|      -31.09
    109.|      3.|     70.|      -50.60
    109.|      4.|     70.|      -50.60
    109.|      5.|     70.|      -50.60
    109.|      6.|     70.|      -50.60
    110.|      1.|    138.|       44.85
    110.|      2.|    110.|      -30.92
    110.|      3.|     70.|      -51.03
    110.|      4.|     70.|      -51.03
    110.|      5.|     70.|      -51.03
    110.|      6.|     70.|      -51.03
    111.|      1.|    138.|       43.83
    111.|      2.|    110.|      -30.74
    111.|      3.|     70.|      -51.45
    111.|      4.|     70.|      -51.45
    111.|      5.|     70.|      -51.45
    111.|      6.|     70.|      -51.45
    112.|      1.|    138.|       42.80
    112.|      2.|    110.|      -30.55
    112.|      3.|     70.|      -51.86
    112.|      4.|     70.|      -51.86
    112.|      5.|     70.|      -51.86
    112.|      6.|     70.|      -51.86
    113.|      1.|    138.|       41.75
    113.|      2.|    110.|      -30.35
    113.|      3.|     70.|      -52.24
    113.|      4.|     70.|      -52.24
    113.|      5.|     70.|      -52.24
    113.|      6.|     70.|      -52.24
    114.|      1.|    138.|       40.69
    114.|      2.|    110.|      -30.14
    114.|      3.|     70.|      -52.62
    114.|      4.|     70.|      -52.62
    114.|      5.|     70.|      -52.62
    114.|      6.|     70.|      -52.62
    115.|      1.|    138.|       39.62
    115.|      2.|    110.|      -29.93
    115.|      3.|     70.|      -52.97
    115.|      4.|     70.|      -52.97
    115.|      5.|     70.|      -52.97
    115.|      6.|     70.|      -52.97
    116.|      1.|    138.|       38.53
    116.|      2.|    110.|      -29.70
    116.|      3.|     70.|      -53.31
    116.|      4.|     70.|      -53.31
    116.|      5.|     70.|      -53.31
    116.|      6.|     70.|      -53.31
    117.|      1.|    138.|       37.44
    117.|      2.|    110.|      -29.47
    117.|      3.|     70.|      -53.63
    117.|      4.|     70.|      -53.63
    117.|      5.|     70.|      -53.63
    117.|      6.|     70.|      -53.63
    118.|      1.|    138.|       36.33
    118.|      2.|    110.|      -29.22
    118.|      3.|     70.|      -53.94
    118.|      4.|     70.|      -53.94
    118.|      5.|     70.|      -53.94
    118.|      6.|     70.|      -53.94
    119.|      1.|    138.|       35.21
    119.|      2.|    110.|      -28.97
    119.|      3.|     70.|      -54.23
    119.|      4.|     70.|      -54.23
    119.|      5.|     70.|      -54.23
    119.|      6.|     70.|      -54.23
    120.|      1.|    138.|       34.08
    120.|      2.|    110.|      -28.71
    120.|      3.|     70.|      -54.51
    120.|      4.|     70.|      -54.51
    120.|      5.|     70.|      -54.51
    120.|      6.|     70.|      -54.51
    121.|      1.|    138.|       32.95
    121.|      2.|    110.|      -28.44
    121.|      3.|     70.|      -54.76
    121.|      4.|     70.|      -54.76
    121.|      5.|     70.|      -54.76
    121.|      6.|     70.|      -54.76
    122.|      1.|    138.|       31.80
    122.|      2.|    110.|      -28.16
    122.|      3.|     70.|      -55.00
    122.|      4.|     70.|      -55.00
    122.|      5.|     70.|      -55.00
    122.|      6.|     70.|      -55.00
    123.|      1.|    138.|       30.64
    123.|      2.|    110.|      -27.87
    123.|      3.|     70.|      -55.23
    123.|      4.|     70.|      -55.23
    123.|      5.|     70.|      -55.23
    123.|      6.|     70.|      -55.23
    124.|      1.|    138.|       29.47
    124.|      2.|    110.|      -27.58
    124.|      3.|     70.|      -55.43
    124.|      4.|     70.|      -55.43
    124.|      5.|     70.|      -55.43
    124.|      6.|     70.|      -55.43
    125.|      1.|    138.|       28.29
    125.|      2.|    110.|      -27.27
    125.|      3.|     70.|      -55.63
    125.|      4.|     70.|      -55.63
    125.|      5.|     70.|      -55.63
    125.|      6.|     70.|      -55.63
    126.|      1.|    138.|       27.11
    126.|      2.|    110.|      -26.96
    126.|      3.|     70.|      -55.80
    126.|      4.|     70.|      -55.80
    126.|      5.|     70.|      -55.80
    126.|      6.|     70.|      -55.80
    127.|      1.|    138.|       25.91
    127.|      2.|    110.|      -26.64
    127.|      3.|     70.|      -55.95
    127.|      4.|     70.|      -55.95
    127.|      5.|     70.|      -55.95
    127.|      6.|     70.|      -55.95
    128.|      1.|    138.|       24.71
    128.|      2.|    110.|      -26.31
    128.|      3.|     70.|      -56.09
    128.|      4.|     70.|      -56.09
    128.|      5.|     70.|      -56.09
    128.|      6.|     70.|      -56.09
    129.|      1.|    138.|       23.50
    129.|      2.|    110.|      -25.97
    129.|      3.|     70.|      -56.22
    129.|      4.|     70.|      -56.22
    129.|      5.|     70.|      -56.22
    129.|      6.|     70.|      -56.22
    130.|      1.|    138.|       22.28
    130.|      2.|    110.|      -25.63
    130.|      3.|     70.|      -56.32
    130.|      4.|     70.|      -56.32
    130.|      5.|     70.|      -56.32
    130.|      6.|     70.|      -56.32
    131.|      1.|    138.|       21.06
    131.|      2.|    110.|      -25.28
    131.|      3.|     70.|      -56.41
    131.|      4.|     70.|      -56.41
    131.|      5.|     70.|      -56.41
    131.|      6.|     70.|      -56.41
    132.|      1.|    138.|       19.83
    132.|      2.|    110.|      -24.92
    132.|      3.|     70.|      -56.48
    132.|      4.|     70.|      -56.48
    132.|      5.|     70.|      -56.48
    132.|      6.|     70.|      -56.48
    133.|      1.|    138.|       18.59
    133.|      2.|    110.|      -24.55
    133.|      3.|     70.|      -56.53
    133.|      4.|     70.|      -56.53
    133.|      5.|     70.|      -56.53
    133.|      6.|     70.|      -56.53
    134.|      1.|    138.|       17.35
    134.|      2.|    110.|      -24.17
    134.|      3.|     70.|      -56.57
    134.|      4.|     70.|      -56.57
    134.|      5.|     70.|      -56.57
    134.|      6.|     70.|      -56.57
    135.|      1.|    138.|       16.11
    135.|      2.|    110.|      -23.79
    135.|      3.|     70.|      -56.59
    135.|      4.|     70.|      -56.59
    135.|      5.|     70.|      -56.59
    135.|      6.|     70.|      -56.59
    136.|      1.|    138.|       14.85
    136.|      2.|    110.|      -23.40
    136.|      3.|     70.|      -56.59
    136.|      4.|     70.|      -56.59
    136.|      5.|     70.|      -56.59
    136.|      6.|     70.|      -56.59
    137.|      1.|    138.|       13.60
    137.|      2.|    110.|      -23.00
    137.|      3.|     70.|      -56.57
    137.|      4.|     70.|      -56.57
    137.|      5.|     70.|      -56.57
    137.|      6.|     70.|      -56.57
    138.|      1.|    138.|       12.34
    138.|      2.|    110.|      -22.60
    138.|      3.|     70.|      -56.54
    138.|      4.|     70.|      -56.54
    138.|      5.|     70.|      -56.54
    138.|      6.|     70.|      -56.54
    139.|      1.|    138.|       11.07
    139.|      2.|    110.|      -22.19
    139.|      3.|     70.|      -56.49
    139.|      4.|     70.|      -56.49
    139.|      5.|     70.|      -56.49
    139.|      6.|     70.|      -56.49
    140.|      1.|    138.|        9.80
    140.|      2.|    110.|      -21.77
    140.|      3.|     70.|      -56.42
    140.|      4.|     70.|      -56.42
    140.|      5.|     70.|      -56.42
    140.|      6.|     70.|      -56.42
    141.|      1.|    138.|        8.53
    141.|      2.|    110.|      -21.35
    141.|      3.|     70.|      -56.34
    141.|      4.|     70.|      -56.34
    141.|      5.|     70.|      -56.34
    141.|      6.|     70.|      -56.34
    142.|      1.|    138.|        7.26
    142.|      2.|    110.|      -20.92
    142.|      3.|     70.|      -56.24
    142.|      4.|     70.|      -56.24
    142.|      5.|     70.|      -56.24
    142.|      6.|     70.|      -56.24
    143.|      1.|    138.|        5.99
    143.|      2.|    110.|      -20.48
    143.|      3.|     70.|      -56.12
    143.|      4.|     70.|      -56.12
    143.|      5.|     70.|      -56.12
    143.|      6.|     70.|      -56.12
    144.|      1.|    138.|        4.71
    144.|      2.|    110.|      -20.04
    144.|      3.|     70.|      -55.98
    144.|      4.|     70.|      -55.98
    144.|      5.|     70.|      -55.98
    144.|      6.|     70.|      -55.98
    145.|      1.|    138.|        3.43
    145.|      2.|    110.|      -19.59
    145.|      3.|     70.|      -55.83
    145.|      4.|     70.|      -55.83
    145.|      5.|     70.|      -55.83
    145.|      6.|     70.|      -55.83
    146.|      1.|    138.|        2.15
    146.|      2.|    110.|      -19.13
    146.|      3.|     70.|      -55.66
    146.|      4.|     70.|      -55.66
    146.|      5.|     70.|      -55.66
    146.|      6.|     70.|      -55.66
    147.|      1.|    138.|        0.87
    147.|      2.|    110.|      -18.67
    147.|      3.|     70.|      -55.47
    147.|      4.|     70.|      -55.47
    147.|      5.|     70.|      -55.47
    147.|      6.|     70.|      -55.47
    148.|      1.|    138.|       -0.41
    148.|      2.|    110.|      -18.20
    148.|      3.|     70.|      -55.27
    148.|      4.|     70.|      -55.27
    148.|      5.|     70.|      -55.27
    148.|      6.|     70.|      -55.27
    149.|      1.|    138.|       -1.69
    149.|      2.|    110.|      -17.73
    149.|      3.|     70.|      -55.05
    149.|      4.|     70.|      -55.05
    149.|      5.|     70.|      -55.05
    149.|      6.|     70.|      -55.05
    150.|      1.|    138.|       -2.97
    150.|      2.|    110.|      -17.25
    150.|      3.|     70.|      -54.81
    150.|      4.|     70.|      -54.81
    150.|      5.|     70.|      -54.81
    150.|      6.|     70.|      -54.81
    151.|      1.|    138.|       -4.25
    151.|      2.|    110.|      -16.77
    151.|      3.|     70.|      -54.56
    151.|      4.|     70.|      -54.56
    151.|      5.|     70.|      -54.56
    151.|      6.|     70.|      -54.56
    152.|      1.|    138.|       -5.53
    152.|      2.|    110.|      -16.28
    152.|      3.|     70.|      -54.29
    152.|      4.|     70.|      -54.29
    152.|      5.|     70.|      -54.29
    152.|      6.|     70.|      -54.29
    153.|      1.|    138.|       -6.80
    153.|      2.|    110.|      -15.79
    153.|      3.|     70.|      -54.00
    153.|      4.|     70.|      -54.00
    153.|      5.|     70.|      -54.00
    153.|      6.|     70.|      -54.00
    154.|      1.|    138.|       -8.08
    154.|      2.|    110.|      -15.29
    154.|      3.|     70.|      -53.70
    154.|      4.|     70.|      -53.70
    154.|      5.|     70.|      -53.70
    154.|      6.|     70.|      -53.70
    155.|      1.|    138.|       -9.35
    155.|      2.|    110.|      -14.79
    155.|      3.|     70.|      -53.38
    155.|      4.|     70.|      -53.38
    155.|      5.|     70.|      -53.38
    155.|      6.|     70.|      -53.38
    156.|      1.|    138.|      -10.62
    156.|      2.|    110.|      -14.28
    156.|      3.|     70.|      -53.04
    156.|      4.|     70.|      -53.04
    156.|      5.|     70.|      -53.04
    156.|      6.|     70.|      -53.04
    157.|      1.|    138.|      -11.88
    157.|      2.|    110.|      -13.77
    157.|      3.|     70.|      -52.69
    157.|      4.|     70.|      -52.69
    157.|      5.|     70.|      -52.69
    157.|      6.|     70.|      -52.69
    158.|      1.|    138.|      -13.15
    158.|      2.|    110.|      -13.25
    158.|      3.|     70.|      -52.32
    158.|      4.|     70.|      -52.32
    158.|      5.|     70.|      -52.32
    158.|      6.|     70.|      -52.32
    159.|      1.|    138.|      -14.40
    159.|      2.|    110.|      -12.73
    159.|      3.|     70.|      -51.94
    159.|      4.|     70.|      -51.94
    159.|      5.|     70.|      -51.94
    159.|      6.|     70.|      -51.94
    160.|      1.|    138.|      -15.66
    160.|      2.|    110.|      -12.21
    160.|      3.|     70.|      -51.54
    160.|      4.|     70.|      -51.54
    160.|      5.|     70.|      -51.54
    160.|      6.|     70.|      -51.54
    161.|      1.|    138.|      -16.91
    161.|      2.|    110.|      -11.68
    161.|      3.|     70.|      -51.12
    161.|      4.|     70.|      -51.12
    161.|      5.|     70.|      -51.12
    161.|      6.|     70.|      -51.12
    162.|      1.|    138.|      -18.15
    162.|      2.|    110.|      -11.15
    162.|      3.|     70.|      -50.69
    162.|      4.|     70.|      -50.69
    162.|      5.|     70.|      -50.69
    162.|      6.|     70.|      -50.69
    163.|      1.|    138.|      -19.39
    163.|      2.|    110.|      -10.62
    163.|      3.|     70.|      -50.24
    163.|      4.|     70.|      -50.24
    163.|      5.|     70.|      -50.24
    163.|      6.|     70.|      -50.24
    164.|      1.|    138.|      -20.62
    164.|      2.|    110.|      -10.08
    164.|      3.|     70.|      -49.78
    164.|      4.|     70.|      -49.78
    164.|      5.|     70.|      -49.78
    164.|      6.|     70.|      -49.78
    165.|      1.|    138.|      -21.85
    165.|      2.|    110.|       -9.54
    165.|      3.|     70.|      -49.30
    165.|      4.|     70.|      -49.30
    165.|      5.|     70.|      -49.30
    165.|      6.|     70.|      -49.30
    166.|      1.|    138.|      -23.07
    166.|      2.|    110.|       -9.00
    166.|      3.|     70.|      -48.81
    166.|      4.|     70.|      -48.81
    166.|      5.|     70.|      -48.81
    166.|      6.|     70.|      -48.81
    167.|      1.|    138.|      -24.28
    167.|      2.|    110.|       -8.45
    167.|      3.|     70.|      -48.30
    167.|      4.|     70.|      -48.30
    167.|      5.|     70.|      -48.30
    167.|      6.|     70.|      -48.30
    168.|      1.|    138.|      -25.48
    168.|      2.|    110.|       -7.90
    168.|      3.|     70.|      -47.78
    168.|      4.|     70.|      -47.78
    168.|      5.|     70.|      -47.78
    168.|      6.|     70.|      -47.78
    169.|      1.|    138.|      -26.68
    169.|      2.|    110.|       -7.35
    169.|      3.|     70.|      -47.25
    169.|      4.|     70.|      -47.25
    169.|      5.|     70.|      -47.25
    169.|      6.|     70.|      -47.25
    170.|      1.|    138.|      -27.87
    170.|      2.|    110.|       -6.80
    170.|      3.|     70.|      -46.70
    170.|      4.|     70.|      -46.70
    170.|      5.|     70.|      -46.70
    170.|      6.|     70.|      -46.70
    171.|      1.|    138.|      -29.05
    171.|      2.|    110.|       -6.24
    171.|      3.|     70.|      -46.13
    171.|      4.|     70.|      -46.13
    171.|      5.|     70.|      -46.13
    171.|      6.|     70.|      -46.13
    172.|      1.|    138.|      -30.22
    172.|      2.|    110.|       -5.68
    172.|      3.|     70.|      -45.55
    172.|      4.|     70.|      -45.55
    172.|      5.|     70.|      -45.55
    172.|      6.|     70.|      -45.55
    173.|      1.|    138.|      -31.38
    173.|      2.|    110.|       -5.12
    173.|      3.|     70.|      -44.96
    173.|      4.|     70.|      -44.96
    173.|      5.|     70.|      -44.96
    173.|      6.|     70.|      -44.96
    174.|      1.|    138.|      -32.54
    174.|      2.|    110.|       -4.56
    174.|      3.|     70.|      -44.35
    174.|      4.|     70.|      -44.35
    174.|      5.|     70.|      -44.35
    174.|      6.|     70.|      -44.35
    175.|      1.|    138.|      -33.68
    175.|      2.|    110.|       -4.00
    175.|      3.|     70.|      -43.73
    175.|      4.|     70.|      -43.73
    175.|      5.|     70.|      -43.73
    175.|      6.|     70.|      -43.73
    176.|      1.|    138.|      -34.81
    176.|      2.|    110.|       -3.44
    176.|      3.|     70.|      -43.10
    176.|      4.|     70.|      -43.10
    176.|      5.|     70.|      -43.10
    176.|      6.|     70.|      -43.10
    177.|      1.|    138.|      -35.93
    177.|      2.|    110.|       -2.87
    177.|      3.|     70.|      -42.45
    177.|      4.|     70.|      -42.45
    177.|      5.|     70.|      -42.45
    177.|      6.|     70.|      -42.45
    178.|      1.|    138.|      -37.04
    178.|      2.|    110.|       -2.31
    178.|      3.|     70.|      -41.79
    178.|      4.|     70.|      -41.79
    178.|      5.|     70.|      -41.79
    178.|      6.|     70.|      -41.79
    179.|      1.|    138.|      -38.14
    179.|      2.|    110.|       -1.74
    179.|      3.|     70.|      -41.12
    179.|      4.|     70.|      -41.12
    179.|      5.|     70.|      -41.12
    179.|      6.|     70.|      -41.12
    180.|      1.|    138.|      -39.23
    180.|      2.|    110.|       -1.17
    180.|      3.|     70.|      -40.43
    180.|      4.|     70.|      -40.43
    180.|      5.|     70.|      -40.43
    180.|      6.|     70.|      -40.43
    181.|      1.|    138.|      -40.31
    181.|      2.|    110.|       -0.61
    181.|      3.|     70.|      -39.74
    181.|      4.|     70.|      -39.74
    181.|      5.|     70.|      -39.74
    181.|      6.|     70.|      -39.74
    182.|      1.|    138.|      -41.37
    182.|      2.|    110.|       -0.04
    182.|      3.|     70.|      -39.03
    182.|      4.|     70.|      -39.03
    182.|      5.|     70.|      -39.03
    182.|      6.|     70.|      -39.03
    183.|      1.|    138.|      -42.42
    183.|      2.|    110.|        0.53
    183.|      3.|     70.|      -38.31
    183.|      4.|     70.|      -38.31
    183.|      5.|     70.|      -38.31
    183.|      6.|     70.|      -38.31
    184.|      1.|    138.|      -43.46
    184.|      2.|    110.|        1.09
    184.|      3.|     70.|      -37.57
    184.|      4.|     70.|      -37.57
    184.|      5.|     70.|      -37.57
    184.|      6.|     70.|      -37.57
    185.|      1.|    138.|      -44.49
    185.|      2.|    110.|        1.66
    185.|      3.|     70.|      -36.83
    185.|      4.|     70.|      -36.83
    185.|      5.|     70.|      -36.83
    185.|      6.|     70.|      -36.83
    186.|      1.|    138.|      -45.50
    186.|      2.|    110.|        2.23
    186.|      3.|     70.|      -36.07
    186.|      4.|     70.|      -36.07
    186.|      5.|     70.|      -36.07
    186.|      6.|     70.|      -36.07
    187.|      1.|    138.|      -46.50
    187.|      2.|    110.|        2.79
    187.|      3.|     70.|      -35.31
    187.|      4.|     70.|      -35.31
    187.|      5.|     70.|      -35.31
    187.|      6.|     70.|      -35.31
    188.|      1.|    138.|      -47.48
    188.|      2.|    110.|        3.36
    188.|      3.|     70.|      -34.53
    188.|      4.|     70.|      -34.53
    188.|      5.|     70.|      -34.53
    188.|      6.|     70.|      -34.53
    189.|      1.|    138.|      -48.45
    189.|      2.|    110.|        3.92
    189.|      3.|     70.|      -33.74
    189.|      4.|     70.|      -33.74
    189.|      5.|     70.|      -33.74
    189.|      6.|     70.|      -33.74
    190.|      1.|    138.|      -49.40
    190.|      2.|    110.|        4.48
    190.|      3.|     70.|      -32.94
    190.|      4.|     70.|      -32.94
    190.|      5.|     70.|      -32.94
    190.|      6.|     70.|      -32.94
    191.|      1.|    138.|      -50.34
    191.|      2.|    110.|        5.04
    191.|      3.|     70.|      -32.14
    191.|      4.|     70.|      -32.14
    191.|      5.|     70.|      -32.14
    191.|      6.|     70.|      -32.14
    192.|      1.|    138.|      -51.27
    192.|      2.|    110.|        5.60
    192.|      3.|     70.|      -31.32
    192.|      4.|     70.|      -31.32
    192.|      5.|     70.|      -31.32
    192.|      6.|     70.|      -31.32
    193.|      1.|    138.|      -52.18
    193.|      2.|    110.|        6.16
    193.|      3.|     70.|      -30.49
    193.|      4.|     70.|      -30.49
    193.|      5.|     70.|      -30.49
    193.|      6.|     70.|      -30.49
    194.|      1.|    138.|      -53.07
    194.|      2.|    110.|        6.72
    194.|      3.|     70.|      -29.65
    194.|      4.|     70.|      -29.65
    194.|      5.|     70.|      -29.65
    194.|      6.|     70.|      -29.65
    195.|      1.|    138.|      -53.94
    195.|      2.|    110.|        7.27
    195.|      3.|     70.|      -28.81
    195.|      4.|     70.|      -28.81
    195.|      5.|     70.|      -28.81
    195.|      6.|     70.|      -28.81
    196.|      1.|    138.|      -54.80
    196.|      2.|    110.|        7.82
    196.|      3.|     70.|      -27.95
    196.|      4.|     70.|      -27.95
    196.|      5.|     70.|      -27.95
    196.|      6.|     70.|      -27.95
    197.|      1.|    138.|      -55.65
    197.|      2.|    110.|        8.37
    197.|      3.|     70.|      -27.09
    197.|      4.|     70.|      -27.09
    197.|      5.|     70.|      -27.09
    197.|      6.|     70.|      -27.09
    198.|      1.|    138.|      -56.47
    198.|      2.|    110.|        8.92
    198.|      3.|     70.|      -26.22
    198.|      4.|     70.|      -26.22
    198.|      5.|     70.|      -26.22
    198.|      6.|     70.|      -26.22
    199.|      1.|    138.|      -57.28
    199.|      2.|    110.|        9.46
    199.|      3.|     70.|      -25.34
    199.|      4.|     70.|      -25.34
    199.|      5.|     70.|      -25.34
    199.|      6.|     70.|      -25.34
    200.|      1.|    138.|      -58.07
    200.|      2.|    110.|       10.00
    200.|      3.|     70.|      -24.45
    200.|      4.|     70.|      -24.45
    200.|      5.|     70.|      -24.45
    200.|      6.|     70.|      -24.45
    201.|      1.|    138.|      -58.85
    201.|      2.|    110.|       10.54
    201.|      3.|     70.|      -23.56
    201.|      4.|     70.|      -23.56
    201.|      5.|     70.|      -23.56
    201.|      6.|     70.|      -23.56
    202.|      1.|    138.|      -59.60
    202.|      2.|    110.|       11.08
    202.|      3.|     70.|      -22.66
    202.|      4.|     70.|      -22.66
    202.|      5.|     70.|      -22.66
    202.|      6.|     70.|      -22.66
    203.|      1.|    138.|      -60.34
    203.|      2.|    110.|       11.61
    203.|      3.|     70.|      -21.75
    203.|      4.|     70.|      -21.75
    203.|      5.|     70.|      -21.75
    203.|      6.|     70.|      -21.75
    204.|      1.|    138.|      -61.06
    204.|      2.|    110.|       12.13
    204.|      3.|     70.|      -20.83
    204.|      4.|     70.|      -20.83
    204.|      5.|     70.|      -20.83
    204.|      6.|     70.|      -20.83
    205.|      1.|    138.|      -61.76
    205.|      2.|    110.|       12.66
    205.|      3.|     70.|      -19.91
    205.|      4.|     70.|      -19.91
    205.|      5.|     70.|      -19.91
    205.|      6.|     70.|      -19.91
    206.|      1.|    138.|      -62.44
    206.|      2.|    110.|       13.18
    206.|      3.|     70.|      -18.99
    206.|      4.|     70.|      -18.99
    206.|      5.|     70.|      -18.99
    206.|      6.|     70.|      -18.99
    207.|      1.|    138.|      -63.11
    207.|      2.|    110.|       13.70
    207.|      3.|     70.|      -18.05
    207.|      4.|     70.|      -18.05
    207.|      5.|     70.|      -18.05
    207.|      6.|     70.|      -18.05
    208.|      1.|    138.|      -63.75
    208.|      2.|    110.|       14.21
    208.|      3.|     70.|      -17.11
    208.|      4.|     70.|      -17.11
    208.|      5.|     70.|      -17.11
    208.|      6.|     70.|      -17.11
    209.|      1.|    138.|      -64.38
    209.|      2.|    110.|       14.72
    209.|      3.|     70.|      -16.17
    209.|      4.|     70.|      -16.17
    209.|      5.|     70.|      -16.17
    209.|      6.|     70.|      -16.17
    210.|      1.|    138.|      -64.98
    210.|      2.|    110.|       15.22
    210.|      3.|     70.|      -15.22
    210.|      4.|     70.|      -15.22
    210.|      5.|     70.|      -15.22
    210.|      6.|     70.|      -15.22
    211.|      1.|    138.|      -65.56
    211.|      2.|    110.|       15.72
    211.|      3.|     70.|      -14.27
    211.|      4.|     70.|      -14.27
    211.|      5.|     70.|      -14.27
    211.|      6.|     70.|      -14.27
    212.|      1.|    138.|      -66.13
    212.|      2.|    110.|       16.21
    212.|      3.|     70.|      -13.31
    212.|      4.|     70.|      -13.31
    212.|      5.|     70.|      -13.31
    212.|      6.|     70.|      -13.31
    213.|      1.|    138.|      -66.67
    213.|      2.|    110.|       16.70
    213.|      3.|     70.|      -12.35
    213.|      4.|     70.|      -12.35
    213.|      5.|     70.|      -12.35
    213.|      6.|     70.|      -12.35
    214.|      1.|    138.|      -67.20
    214.|      2.|    110.|       17.18
    214.|      3.|     70.|      -11.38
    214.|      4.|     70.|      -11.38
    214.|      5.|     70.|      -11.38
    214.|      6.|     70.|      -11.38
    215.|      1.|    138.|      -67.70
    215.|      2.|    110.|       17.66
    215.|      3.|     70.|      -10.41
    215.|      4.|     70.|      -10.41
    215.|      5.|     70.|      -10.41
    215.|      6.|     70.|      -10.41
    216.|      1.|    138.|      -68.19
    216.|      2.|    110.|       18.14
    216.|      3.|     70.|       -9.44
    216.|      4.|     70.|       -9.44
    216.|      5.|     70.|       -9.44
    216.|      6.|     70.|       -9.44
    217.|      1.|    138.|      -68.65
    217.|      2.|    110.|       18.60
    217.|      3.|     70.|       -8.46
    217.|      4.|     70.|       -8.46
    217.|      5.|     70.|       -8.46
    217.|      6.|     70.|       -8.46
    218.|      1.|    138.|      -69.09
    218.|      2.|    110.|       19.07
    218.|      3.|     70.|       -7.49
    218.|      4.|     70.|       -7.49
    218.|      5.|     70.|       -7.49
    218.|      6.|     70.|       -7.49
    219.|      1.|    138.|      -69.51
    219.|      2.|    110.|       19.52
    219.|      3.|     70.|       -6.51
    219.|      4.|     70.|       -6.51
    219.|      5.|     70.|       -6.51
    219.|      6.|     70.|       -6.51
    220.|      1.|    138.|      -69.91
    220.|      2.|    110.|       19.97
    220.|      3.|     70.|       -5.52
    220.|      4.|     70.|       -5.52
    220.|      5.|     70.|       -5.52
    220.|      6.|     70.|       -5.52
    221.|      1.|    138.|      -70.29
    221.|      2.|    110.|       20.42
    221.|      3.|     70.|       -4.54
    221.|      4.|     70.|       -4.54
    221.|      5.|     70.|       -4.54
    221.|      6.|     70.|       -4.54
    222.|      1.|    138.|      -70.65
    222.|      2.|    110.|       20.86
    222.|      3.|     70.|       -3.56
    222.|      4.|     70.|       -3.56
    222.|      5.|     70.|       -3.56
    222.|      6.|     70.|       -3.56
    223.|      1.|    138.|      -70.98
    223.|      2.|    110.|       21.29
    223.|      3.|     70.|       -2.57
    223.|      4.|     70.|       -2.57
    223.|      5.|     70.|       -2.57
    223.|      6.|     70.|       -2.57
    224.|      1.|    138.|      -71.30
    224.|      2.|    110.|       21.71
    224.|      3.|     70.|       -1.58
    224.|      4.|     70.|       -1.58
    224.|      5.|     70.|       -1.58
    224.|      6.|     70.|       -1.58
    225.|      1.|    138.|      -71.59
    225.|      2.|    110.|       22.13
    225.|      3.|     70.|       -0.59
    225.|      4.|     70.|       -0.59
    225.|      5.|     70.|       -0.59
    225.|      6.|     70.|       -0.59
    226.|      1.|    138.|      -71.86
    226.|      2.|    110.|       22.54
    226.|      3.|     70.|        0.39
    226.|      4.|     70.|        0.39
    226.|      5.|     70.|        0.39
    226.|      6.|     70.|        0.39
    227.|      1.|    138.|      -72.11
    227.|      2.|    110.|       22.95
    227.|      3.|     70.|        1.38
    227.|      4.|     70.|        1.38
    227.|      5.|     70.|        1.38
    227.|      6.|     70.|        1.38
    228.|      1.|    138.|      -72.33
    228.|      2.|    110.|       23.35
    228.|      3.|     70.|        2.37
    228.|      4.|     70.|        2.37
    228.|      5.|     70.|        2.37
    228.|      6.|     70.|        2.37
    229.|      1.|    138.|      -72.54
    229.|      2.|    110.|       23.74
    229.|      3.|     70.|        3.35
    229.|      4.|     70.|        3.35
    229.|      5.|     70.|        3.35
    229.|      6.|     70.|        3.35
    230.|      1.|    138.|      -72.72
    230.|      2.|    110.|       24.12
    230.|      3.|     70.|        4.34
    230.|      4.|     70.|        4.34
    230.|      5.|     70.|        4.34
    230.|      6.|     70.|        4.34
    231.|      1.|    138.|      -72.88
    231.|      2.|    110.|       24.50
    231.|      3.|     70.|        5.32
    231.|      4.|     70.|        5.32
    231.|      5.|     70.|        5.32
    231.|      6.|     70.|        5.32
    232.|      1.|    138.|      -73.02
    232.|      2.|    110.|       24.87
    232.|      3.|     70.|        6.31
    232.|      4.|     70.|        6.31
    232.|      5.|     70.|        6.31
    232.|      6.|     70.|        6.31
    233.|      1.|    138.|      -73.13
    233.|      2.|    110.|       25.23
    233.|      3.|     70.|        7.29
    233.|      4.|     70.|        7.29
    233.|      5.|     70.|        7.29
    233.|      6.|     70.|        7.29
    234.|      1.|    138.|      -73.23
    234.|      2.|    110.|       25.58
    234.|      3.|     70.|        8.27
    234.|      4.|     70.|        8.27
    234.|      5.|     70.|        8.27
    234.|      6.|     70.|        8.27
    235.|      1.|    138.|      -73.30
    235.|      2.|    110.|       25.93
    235.|      3.|     70.|        9.24
    235.|      4.|     70.|        9.24
    235.|      5.|     70.|        9.24
    235.|      6.|     70.|        9.24
    236.|      1.|    138.|      -73.35
    236.|      2.|    110.|       26.26
    236.|      3.|     70.|       10.21
    236.|      4.|     70.|       10.21
    236.|      5.|     70.|       10.21
    236.|      6.|     70.|       10.21
    237.|      1.|    138.|      -73.37
    237.|      2.|    110.|       26.59
    237.|      3.|     70.|       11.18
    237.|      4.|     70.|       11.18
    237.|      5.|     70.|       11.18
    237.|      6.|     70.|       11.18
    238.|      1.|    138.|      -73.38
    238.|      2.|    110.|       26.92
    238.|      3.|     70.|       12.15
    238.|      4.|     70.|       12.15
    238.|      5.|     70.|       12.15
    238.|      6.|     70.|       12.15
    239.|      1.|    138.|      -73.36
    239.|      2.|    110.|       27.23
    239.|      3.|     70.|       13.11
    239.|      4.|     70.|       13.11
    239.|      5.|     70.|       13.11
    239.|      6.|     70.|       13.11
    240.|      1.|    138.|      -73.32
    240.|      2.|    110.|       27.53
    240.|      3.|     70.|       14.07
    240.|      4.|     70.|       14.07
    240.|      5.|     70.|       14.07
    240.|      6.|     70.|       14.07
    241.|      1.|    138.|      -73.25
    241.|      2.|    110.|       27.83
    241.|      3.|     70.|       15.03
    241.|      4.|     70.|       15.03
    241.|      5.|     70.|       15.03
    241.|      6.|     70.|       15.03
    242.|      1.|    138.|      -73.17
    242.|      2.|    110.|       28.12
    242.|      3.|     70.|       15.98
    242.|      4.|     70.|       15.98
    242.|      5.|     70.|       15.98
    242.|      6.|     70.|       15.98
    243.|      1.|    138.|      -73.06
    243.|      2.|    110.|       28.40
    243.|      3.|     70.|       16.92
    243.|      4.|     70.|       16.92
    243.|      5.|     70.|       16.92
    243.|      6.|     70.|       16.92
    244.|      1.|    138.|      -72.93
    244.|      2.|    110.|       28.67
    244.|      3.|     70.|       17.86
    244.|      4.|     70.|       17.86
    244.|      5.|     70.|       17.86
    244.|      6.|     70.|       17.86
    245.|      1.|    138.|      -72.78
    245.|      2.|    110.|       28.93
    245.|      3.|     70.|       18.80
    245.|      4.|     70.|       18.80
    245.|      5.|     70.|       18.80
    245.|      6.|     70.|       18.80
    246.|      1.|    138.|      -72.60
    246.|      2.|    110.|       29.19
    246.|      3.|     70.|       19.72
    246.|      4.|     70.|       19.72
    246.|      5.|     70.|       19.72
    246.|      6.|     70.|       19.72
    247.|      1.|    138.|      -72.41
    247.|      2.|    110.|       29.43
    247.|      3.|     70.|       20.65
    247.|      4.|     70.|       20.65
    247.|      5.|     70.|       20.65
    247.|      6.|     70.|       20.65
    248.|      1.|    138.|      -72.19
    248.|      2.|    110.|       29.67
    248.|      3.|     70.|       21.56
    248.|      4.|     70.|       21.56
    248.|      5.|     70.|       21.56
    248.|      6.|     70.|       21.56
    249.|      1.|    138.|      -71.95
    249.|      2.|    110.|       29.89
    249.|      3.|     70.|       22.47
    249.|      4.|     70.|       22.47
    249.|      5.|     70.|       22.47
    249.|      6.|     70.|       22.47
    250.|      1.|    138.|      -71.69
    250.|      2.|    110.|       30.11
    250.|      3.|     70.|       23.38
    250.|      4.|     70.|       23.38
    250.|      5.|     70.|       23.38
    250.|      6.|     70.|       23.38
    251.|      1.|    138.|      -71.40
    251.|      2.|    110.|       30.32
    251.|      3.|     70.|       24.27
    251.|      4.|     70.|       24.27
    251.|      5.|     70.|       24.27
    251.|      6.|     70.|       24.27
    252.|      1.|    138.|      -71.10
    252.|      2.|    110.|       30.52
    252.|      3.|     70.|       25.16
    252.|      4.|     70.|       25.16
    252.|      5.|     70.|       25.16
    252.|      6.|     70.|       25.16
    253.|      1.|    138.|      -70.77
    253.|      2.|    110.|       30.71
    253.|      3.|     70.|       26.04
    253.|      4.|     70.|       26.04
    253.|      5.|     70.|       26.04
    253.|      6.|     70.|       26.04
    254.|      1.|    138.|      -70.42
    254.|      2.|    110.|       30.89
    254.|      3.|     70.|       26.91
    254.|      4.|     70.|       26.91
    254.|      5.|     70.|       26.91
    254.|      6.|     70.|       26.91
    255.|      1.|    138.|      -70.05
    255.|      2.|    110.|       31.06
    255.|      3.|     70.|       27.78
    255.|      4.|     70.|       27.78
    255.|      5.|     70.|       27.78
    255.|      6.|     70.|       27.78
    256.|      1.|    138.|      -69.66
    256.|      2.|    110.|       31.22
    256.|      3.|     70.|       28.64
    256.|      4.|     70.|       28.64
    256.|      5.|     70.|       28.64
    256.|      6.|     70.|       28.64
    257.|      1.|    138.|      -69.24
    257.|      2.|    110.|       31.38
    257.|      3.|     70.|       29.48
    257.|      4.|     70.|       29.48
    257.|      5.|     70.|       29.48
    257.|      6.|     70.|       29.48
    258.|      1.|    138.|      -68.81
    258.|      2.|    110.|       31.52
    258.|      3.|     70.|       30.32
    258.|      4.|     70.|       30.32
    258.|      5.|     70.|       30.32
    258.|      6.|     70.|       30.32
    259.|      1.|    138.|      -68.35
    259.|      2.|    110.|       31.65
    259.|      3.|     70.|       31.15
    259.|      4.|     70.|       31.15
    259.|      5.|     70.|       31.15
    259.|      6.|     70.|       31.15
    260.|      1.|    138.|      -67.88
    260.|      2.|    110.|       31.77
    260.|      3.|     70.|       31.97
    260.|      4.|     70.|       31.97
    260.|      5.|     70.|       31.97
    260.|      6.|     70.|       31.97
    261.|      1.|    138.|      -67.38
    261.|      2.|    110.|       31.89
    261.|      3.|     70.|       32.78
    261.|      4.|     70.|       32.78
    261.|      5.|     70.|       32.78
    261.|      6.|     70.|       32.78
    262.|      1.|    138.|      -66.86
    262.|      2.|    110.|       31.99
    262.|      3.|     70.|       33.58
    262.|      4.|     70.|       33.58
    262.|      5.|     70.|       33.58
    262.|      6.|     70.|       33.58
    263.|      1.|    138.|      -66.33
    263.|      2.|    110.|       32.09
    263.|      3.|     70.|       34.37
    263.|      4.|     70.|       34.37
    263.|      5.|     70.|       34.37
    263.|      6.|     70.|       34.37
    264.|      1.|    138.|      -65.77
    264.|      2.|    110.|       32.17
    264.|      3.|     70.|       35.15
    264.|      4.|     70.|       35.15
    264.|      5.|     70.|       35.15
    264.|      6.|     70.|       35.15
    265.|      1.|    138.|      -65.19
    265.|      2.|    110.|       32.25
    265.|      3.|     70.|       35.92
    265.|      4.|     70.|       35.92
    265.|      5.|     70.|       35.92
    265.|      6.|     70.|       35.92
    266.|      1.|    138.|      -64.59
    266.|      2.|    110.|       32.31
    266.|      3.|     70.|       36.68
    266.|      4.|     70.|       36.68
    266.|      5.|     70.|       36.68
    266.|      6.|     70.|       36.68
    267.|      1.|    138.|      -63.98
    267.|      2.|    110.|       32.37
    267.|      3.|     70.|       37.42
    267.|      4.|     70.|       37.42
    267.|      5.|     70.|       37.42
    267.|      6.|     70.|       37.42
    268.|      1.|    138.|      -63.34
    268.|      2.|    110.|       32.41
    268.|      3.|     70.|       38.16
    268.|      4.|     70.|       38.16
    268.|      5.|     70.|       38.16
    268.|      6.|     70.|       38.16
    269.|      1.|    138.|      -62.68
    269.|      2.|    110.|       32.45
    269.|      3.|     70.|       38.88
    269.|      4.|     70.|       38.88
    269.|      5.|     70.|       38.88
    269.|      6.|     70.|       38.88
    270.|      1.|    138.|      -62.01
    270.|      2.|    110.|       32.47
    270.|      3.|     70.|       39.59
    270.|      4.|     70.|       39.59
    270.|      5.|     70.|       39.59
    270.|      6.|     70.|       39.59
    271.|      1.|    138.|      -61.31
    271.|      2.|    110.|       32.49
    271.|      3.|     70.|       40.29
    271.|      4.|     70.|       40.29
    271.|      5.|     70.|       40.29
    271.|      6.|     70.|       40.29
    272.|      1.|    138.|      -60.60
    272.|      2.|    110.|       32.49
    272.|      3.|     70.|       40.98
    272.|      4.|     70.|       40.98
    272.|      5.|     70.|       40.98
    272.|      6.|     70.|       40.98
    273.|      1.|    138.|      -59.87
    273.|      2.|    110.|       32.49
    273.|      3.|     70.|       41.66
    273.|      4.|     70.|       41.66
    273.|      5.|     70.|       41.66
    273.|      6.|     70.|       41.66
    274.|      1.|    138.|      -59.12
    274.|      2.|    110.|       32.47
    274.|      3.|     70.|       42.32
    274.|      4.|     70.|       42.32
    274.|      5.|     70.|       42.32
    274.|      6.|     70.|       42.32
    275.|      1.|    138.|      -58.35
    275.|      2.|    110.|       32.45
    275.|      3.|     70.|       42.97
    275.|      4.|     70.|       42.97
    275.|      5.|     70.|       42.97
    275.|      6.|     70.|       42.97
    276.|      1.|    138.|      -57.57
    276.|      2.|    110.|       32.42
    276.|      3.|     70.|       43.60
    276.|      4.|     70.|       43.60
    276.|      5.|     70.|       43.60
    276.|      6.|     70.|       43.60
    277.|      1.|    138.|      -56.76
    277.|      2.|    110.|       32.37
    277.|      3.|     70.|       44.23
    277.|      4.|     70.|       44.23
    277.|      5.|     70.|       44.23
    277.|      6.|     70.|       44.23
    278.|      1.|    138.|      -55.94
    278.|      2.|    110.|       32.32
    278.|      3.|     70.|       44.84
    278.|      4.|     70.|       44.84
    278.|      5.|     70.|       44.84
    278.|      6.|     70.|       44.84
    279.|      1.|    138.|      -55.11
    279.|      2.|    110.|       32.26
    279.|      3.|     70.|       45.43
    279.|      4.|     70.|       45.43
    279.|      5.|     70.|       45.43
    279.|      6.|     70.|       45.43
    280.|      1.|    138.|      -54.25
    280.|      2.|    110.|       32.18
    280.|      3.|     70.|       46.01
    280.|      4.|     70.|       46.01
    280.|      5.|     70.|       46.01
    280.|      6.|     70.|       46.01
    281.|      1.|    138.|      -53.38
    281.|      2.|    110.|       32.10
    281.|      3.|     70.|       46.58
    281.|      4.|     70.|       46.58
    281.|      5.|     70.|       46.58
    281.|      6.|     70.|       46.58
    282.|      1.|    138.|      -52.50
    282.|      2.|    110.|       32.01
    282.|      3.|     70.|       47.13
    282.|      4.|     70.|       47.13
    282.|      5.|     70.|       47.13
    282.|      6.|     70.|       47.13
    283.|      1.|    138.|      -51.59
    283.|      2.|    110.|       31.90
    283.|      3.|     70.|       47.67
    283.|      4.|     70.|       47.67
    283.|      5.|     70.|       47.67
    283.|      6.|     70.|       47.67
    284.|      1.|    138.|      -50.68
    284.|      2.|    110.|       31.79
    284.|      3.|     70.|       48.20
    284.|      4.|     70.|       48.20
    284.|      5.|     70.|       48.20
    284.|      6.|     70.|       48.20
    285.|      1.|    138.|      -49.74
    285.|      2.|    110.|       31.67
    285.|      3.|     70.|       48.71
    285.|      4.|     70.|       48.71
    285.|      5.|     70.|       48.71
    285.|      6.|     70.|       48.71
    286.|      1.|    138.|      -48.79
    286.|      2.|    110.|       31.54
    286.|      3.|     70.|       49.20
    286.|      4.|     70.|       49.20
    286.|      5.|     70.|       49.20
    286.|      6.|     70.|       49.20
    287.|      1.|    138.|      -47.83
    287.|      2.|    110.|       31.40
    287.|      3.|     70.|       49.69
    287.|      4.|     70.|       49.69
    287.|      5.|     70.|       49.69
    287.|      6.|     70.|       49.69
    288.|      1.|    138.|      -46.85
    288.|      2.|    110.|       31.25
    288.|      3.|     70.|       50.15
    288.|      4.|     70.|       50.15
    288.|      5.|     70.|       50.15
    288.|      6.|     70.|       50.15
    289.|      1.|    138.|      -45.86
    289.|      2.|    110.|       31.09
    289.|      3.|     70.|       50.60
    289.|      4.|     70.|       50.60
    289.|      5.|     70.|       50.60
    289.|      6.|     70.|       50.60
    290.|      1.|    138.|      -44.85
    290.|      2.|    110.|       30.92
    290.|      3.|     70.|       51.03
    290.|      4.|     70.|       51.03
    290.|      5.|     70.|       51.03
    290.|      6.|     70.|       51.03
    291.|      1.|    138.|      -43.83
    291.|      2.|    110.|       30.74
    291.|      3.|     70.|       51.45
    291.|      4.|     70.|       51.45
    291.|      5.|     70.|       51.45
    291.|      6.|     70.|       51.45
    292.|      1.|    138.|      -42.80
    292.|      2.|    110.|       30.55
    292.|      3.|     70.|       51.86
    292.|      4.|     70.|       51.86
    292.|      5.|     70.|       51.86
    292.|      6.|     70.|       51.86
    293.|      1.|    138.|      -41.75
    293.|      2.|    110.|       30.35
    293.|      3.|     70.|       52.24
    293.|      4.|     70.|       52.24
    293.|      5.|     70.|       52.24
    293.|      6.|     70.|       52.24
    294.|      1.|    138.|      -40.69
    294.|      2.|    110.|       30.14
    294.|      3.|     70.|       52.62
    294.|      4.|     70.|       52.62
    294.|      5.|     70.|       52.62
    294.|      6.|     70.|       52.62
    295.|      1.|    138.|      -39.62
    295.|      2.|    110.|       29.93
    295.|      3.|     70.|       52.97
    295.|      4.|     70.|       52.97
    295.|      5.|     70.|       52.97
    295.|      6.|     70.|       52.97
    296.|      1.|    138.|      -38.53
    296.|      2.|    110.|       29.70
    296.|      3.|     70.|       53.31
    296.|      4.|     70.|       53.31
    296.|      5.|     70.|       53.31
    296.|      6.|     70.|       53.31
    297.|      1.|    138.|      -37.44
    297.|      2.|    110.|       29.47
    297.|      3.|     70.|       53.63
    297.|      4.|     70.|       53.63
    297.|      5.|     70.|       53.63
    297.|      6.|     70.|       53.63
    298.|      1.|    138.|      -36.33
    298.|      2.|    110.|       29.22
    298.|      3.|     70.|       53.94
    298.|      4.|     70.|       53.94
    298.|      5.|     70.|       53.94
    298.|      6.|     70.|       53.94
    299.|      1.|    138.|      -35.21
    299.|      2.|    110.|       28.97
    299.|      3.|     70.|       54.23
    299.|      4.|     70.|       54.23
    299.|      5.|     70.|       54.23
    299.|      6.|     70.|       54.23
    300.|      1.|    138.|      -34.08
    300.|      2.|    110.|       28.71
    300.|      3.|     70.|       54.51
    300.|      4.|     70.|       54.51
    300.|      5.|     70.|       54.51
    300.|      6.|     70.|       54.51
    301.|      1.|    138.|      -32.95
    301.|      2.|    110.|       28.44
    301.|      3.|     70.|       54.76
    301.|      4.|     70.|       54.76
    301.|      5.|     70.|       54.76
    301.|      6.|     70.|       54.76
    302.|      1.|    138.|      -31.80
    302.|      2.|    110.|       28.16
    302.|      3.|     70.|       55.00
    302.|      4.|     70.|       55.00
    302.|      5.|     70.|       55.00
    302.|      6.|     70.|       55.00
    303.|      1.|    138.|      -30.64
    303.|      2.|    110.|       27.87
    303.|      3.|     70.|       55.23
    303.|      4.|     70.|       55.23
    303.|      5.|     70.|       55.23
    303.|      6.|     70.|       55.23
    304.|      1.|    138.|      -29.47
    304.|      2.|    110.|       27.58
    304.|      3.|     70.|       55.43
    304.|      4.|     70.|       55.43
    304.|      5.|     70.|       55.43
    304.|      6.|     70.|       55.43
    305.|      1.|    138.|      -28.29
    305.|      2.|    110.|       27.27
    305.|      3.|     70.|       55.63
    305.|      4.|     70.|       55.63
    305.|      5.|     70.|       55.63
    305.|      6.|     70.|       55.63
    306.|      1.|    138.|      -27.11
    306.|      2.|    110.|       26.96
    306.|      3.|     70.|       55.80
    306.|      4.|     70.|       55.80
    306.|      5.|     70.|       55.80
    306.|      6.|     70.|       55.80
    307.|      1.|    138.|      -25.91
    307.|      2.|    110.|       26.64
    307.|      3.|     70.|       55.95
    307.|      4.|     70.|       55.95
    307.|      5.|     70.|       55.95
    307.|      6.|     70.|       55.95
    308.|      1.|    138.|      -24.71
    308.|      2.|    110.|       26.31
    308.|      3.|     70.|       56.09
    308.|      4.|     70.|       56.09
    308.|      5.|     70.|       56.09
    308.|      6.|     70.|       56.09
    309.|      1.|    138.|      -23.50
    309.|      2.|    110.|       25.97
    309.|      3.|     70.|       56.22
    309.|      4.|     70.|       56.22
    309.|      5.|     70.|       56.22
    309.|      6.|     70.|       56.22
    310.|      1.|    138.|      -22.28
    310.|      2.|    110.|       25.63
    310.|      3.|     70.|       56.32
    310.|      4.|     70.|       56.32
    310.|      5.|     70.|       56.32
    310.|      6.|     70.|       56.32
    311.|      1.|    138.|      -21.06
    311.|      2.|    110.|       25.28
    311.|      3.|     70.|       56.41
    311.|      4.|     70.|       56.41
    311.|      5.|     70.|       56.41
    311.|      6.|     70.|       56.41
    312.|      1.|    138.|      -19.83
    312.|      2.|    110.|       24.92
    312.|      3.|     70.|       56.48
    312.|      4.|     70.|       56.48
    312.|      5.|     70.|       56.48
    312.|      6.|     70.|       56.48
    313.|      1.|    138.|      -18.59
    313.|      2.|    110.|       24.55
    313.|      3.|     70.|       56.53
    313.|      4.|     70.|       56.53
    313.|      5.|     70.|       56.53
    313.|      6.|     70.|       56.53
    314.|      1.|    138.|      -17.35
    314.|      2.|    110.|       24.17
    314.|      3.|     70.|       56.57
    314.|      4.|     70.|       56.57
    314.|      5.|     70.|       56.57
    314.|      6.|     70.|       56.57
    315.|      1.|    138.|      -16.11
    315.|      2.|    110.|       23.79
    315.|      3.|     70.|       56.59
    315.|      4.|     70.|       56.59
    315.|      5.|     70.|       56.59
    315.|      6.|     70.|       56.59
    316.|      1.|    138.|      -14.85
    316.|      2.|    110.|       23.40
    316.|      3.|     70.|       56.59
    316.|      4.|     70.|       56.59
    316.|      5.|     70.|       56.59
    316.|      6.|     70.|       56.59
    317.|      1.|    138.|      -13.60
    317.|      2.|    110.|       23.00
    317.|      3.|     70.|       56.57
    317.|      4.|     70.|       56.57
    317.|      5.|     70.|       56.57
    317.|      6.|     70.|       56.57
    318.|      1.|    138.|      -12.34
    318.|      2.|    110.|       22.60
    318.|      3.|     70.|       56.54
    318.|      4.|     70.|       56.54
    318.|      5.|     70.|       56.54
    318.|      6.|     70.|       56.54
    319.|      1.|    138.|      -11.07
    319.|      2.|    110.|       22.19
    319.|      3.|     70.|       56.49
    319.|      4.|     70.|       56.49
    319.|      5.|     70.|       56.49
    319.|      6.|     70.|       56.49
    320.|      1.|    138.|       -9.80
    320.|      2.|    110.|       21.77
    320.|      3.|     70.|       56.42
    320.|      4.|     70.|       56.42
    320.|      5.|     70.|       56.42
    320.|      6.|     70.|       56.42
    321.|      1.|    138.|       -8.53
    321.|      2.|    110.|       21.35
    321.|      3.|     70.|       56.34
    321.|      4.|     70.|       56.34
    321.|      5.|     70.|       56.34
    321.|      6.|     70.|       56.34
    322.|      1.|    138.|       -7.26
    322.|      2.|    110.|       20.92
    322.|      3.|     70.|       56.24
    322.|      4.|     70.|       56.24
    322.|      5.|     70.|       56.24
    322.|      6.|     70.|       56.24
    323.|      1.|    138.|       -5.99
    323.|      2.|    110.|       20.48
    323.|      3.|     70.|       56.12
    323.|      4.|     70.|       56.12
    323.|      5.|     70.|       56.12
    323.|      6.|     70.|       56.12
    324.|      1.|    138.|       -4.71
    324.|      2.|    110.|       20.04
    324.|      3.|     70.|       55.98
    324.|      4.|     70.|       55.98
    324.|      5.|     70.|       55.98
    324.|      6.|     70.|       55.98
    325.|      1.|    138.|       -3.43
    325.|      2.|    110.|       19.59
    325.|      3.|     70.|       55.83
    325.|      4.|     70.|       55.83
    325.|      5.|     70.|       55.83
    325.|      6.|     70.|       55.83
    326.|      1.|    138.|       -2.15
    326.|      2.|    110.|       19.13
    326.|      3.|     70.|       55.66
    326.|      4.|     70.|       55.66
    326.|      5.|     70.|       55.66
    326.|      6.|     70.|       55.66
    327.|      1.|    138.|       -0.87
    327.|      2.|    110.|       18.67
    327.|      3.|     70.|       55.47
    327.|      4.|     70.|       55.47
    327.|      5.|     70.|       55.47
    327.|      6.|     70.|       55.47
    328.|      1.|    138.|        0.41
    328.|      2.|    110.|       18.20
    328.|      3.|     70.|       55.27
    328.|      4.|     70.|       55.27
    328.|      5.|     70.|       55.27
    328.|      6.|     70.|       55.27
    329.|      1.|    138.|        1.69
    329.|      2.|    110.|       17.73
    329.|      3.|     70.|       55.05
    329.|      4.|     70.|       55.05
    329.|      5.|     70.|       55.05
    329.|      6.|     70.|       55.05
    330.|      1.|    138.|        2.97
    330.|      2.|    110.|       17.25
    330.|      3.|     70.|       54.81
    330.|      4.|     70.|       54.81
    330.|      5.|     70.|       54.81
    330.|      6.|     70.|       54.81
    331.|      1.|    138.|        4.25
    331.|      2.|    110.|       16.77
    331.|      3.|     70.|       54.56
    331.|      4.|     70.|       54.56
    331.|      5.|     70.|       54.56
    331.|      6.|     70.|       54.56
    332.|      1.|    138.|        5.53
    332.|      2.|    110.|       16.28
    332.|      3.|     70.|       54.29
    332.|      4.|     70.|       54.29
    332.|      5.|     70.|       54.29
    332.|      6.|     70.|       54.29
    333.|      1.|    138.|        6.80
    333.|      2.|    110.|       15.79
    333.|      3.|     70.|       54.00
    333.|      4.|     70.|       54.00
    333.|      5.|     70.|       54.00
    333.|      6.|     70.|       54.00
    334.|      1.|    138.|        8.08
    334.|      2.|    110.|       15.29
    334.|      3.|     70.|       53.70
    334.|      4.|     70.|       53.70
    334.|      5.|     70.|       53.70
    334.|      6.|     70.|       53.70
    335.|      1.|    138.|        9.35
    335.|      2.|    110.|       14.79
    335.|      3.|     70.|       53.38
    335.|      4.|     70.|       53.38
    335.|      5.|     70.|       53.38
    335.|      6.|     70.|       53.38
    336.|      1.|    138.|       10.62
    336.|      2.|    110.|       14.28
    336.|      3.|     70.|       53.04
    336.|      4.|     70.|       53.04
    336.|      5.|     70.|       53.04
    336.|      6.|     70.|       53.04
    337.|      1.|    138.|       11.88
    337.|      2.|    110.|       13.77
    337.|      3.|     70.|       52.69
    337.|      4.|     70.|       52.69
    337.|      5.|     70.|       52.69
    337.|      6.|     70.|       52.69
    338.|      1.|    138.|       13.15
    338.|      2.|    110.|       13.25
    338.|      3.|     70.|       52.32
    338.|      4.|     70.|       52.32
    338.|      5.|     70.|       52.32
    338.|      6.|     70.|       52.32
    339.|      1.|    138.|       14.40
    339.|      2.|    110.|       12.73
    339.|      3.|     70.|       51.94
    339.|      4.|     70.|       51.94
    339.|      5.|     70.|       51.94
    339.|      6.|     70.|       51.94
    340.|      1.|    138.|       15.66
    340.|      2.|    110.|       12.21
    340.|      3.|     70.|       51.54
    340.|      4.|     70.|       51.54
    340.|      5.|     70.|       51.54
    340.|      6.|     70.|       51.54
    341.|      1.|    138.|       16.91
    341.|      2.|    110.|       11.68
    341.|      3.|     70.|       51.12
    341.|      4.|     70.|       51.12
    341.|      5.|     70.|       51.12
    341.|      6.|     70.|       51.12
    342.|      1.|    138.|       18.15
    342.|      2.|    110.|       11.15
    342.|      3.|     70.|       50.69
    342.|      4.|     70.|       50.69
    342.|      5.|     70.|       50.69
    342.|      6.|     70.|       50.69
    343.|      1.|    138.|       19.39
    343.|      2.|    110.|       10.62
    343.|      3.|     70.|       50.24
    343.|      4.|     70.|       50.24
    343.|      5.|     70.|       50.24
    343.|      6.|     70.|       50.24
    344.|      1.|    138.|       20.62
    344.|      2.|    110.|       10.08
    344.|      3.|     70.|       49.78
    344.|      4.|     70.|       49.78
    344.|      5.|     70.|       49.78
    344.|      6.|     70.|       49.78
    345.|      1.|    138.|       21.85
    345.|      2.|    110.|        9.54
    345.|      3.|     70.|       49.30
    345.|      4.|     70.|       49.30
    345.|      5.|     70.|       49.30
    345.|      6.|     70.|       49.30
    346.|      1.|    138.|       23.07
    346.|      2.|    110.|        9.00
    346.|      3.|     70.|       48.81
    346.|      4.|     70.|       48.81
    346.|      5.|     70.|       48.81
    346.|      6.|     70.|       48.81
    347.|      1.|    138.|       24.28
    347.|      2.|    110.|        8.45
    347.|      3.|     70.|       48.30
    347.|      4.|     70.|       48.30
    347.|      5.|     70.|       48.30
    347.|      6.|     70.|       48.30
    348.|      1.|    138.|       25.48
    348.|      2.|    110.|        7.90
    348.|      3.|     70.|       47.78
    348.|      4.|     70.|       47.78
    348.|      5.|     70.|       47.78
    348.|      6.|     70.|       47.78
    349.|      1.|    138.|       26.68
    349.|      2.|    110.|        7.35
    349.|      3.|     70.|       47.25
    349.|      4.|     70.|       47.25
    349.|      5.|     70.|       47.25
    349.|      6.|     70.|       47.25
    350.|      1.|    138.|       27.87
    350.|      2.|    110.|        6.80
    350.|      3.|     70.|       46.70
    350.|      4.|     70.|       46.70
    350.|      5.|     70.|       46.70
    350.|      6.|     70.|       46.70
    351.|      1.|    138.|       29.05
    351.|      2.|    110.|        6.24
    351.|      3.|     70.|       46.13
    351.|      4.|     70.|       46.13
    351.|      5.|     70.|       46.13
    351.|      6.|     70.|       46.13
    352.|      1.|    138.|       30.22
    352.|      2.|    110.|        5.68
    352.|      3.|     70.|       45.55
    352.|      4.|     70.|       45.55
    352.|      5.|     70.|       45.55
    352.|      6.|     70.|       45.55
    353.|      1.|    138.|       31.38
    353.|      2.|    110.|        5.12
    353.|      3.|     70.|       44.96
    353.|      4.|     70.|       44.96
    353.|      5.|     70.|       44.96
    353.|      6.|     70.|       44.96
    354.|      1.|    138.|       32.54
    354.|      2.|    110.|        4.56
    354.|      3.|     70.|       44.35
    354.|      4.|     70.|       44.35
    354.|      5.|     70.|       44.35
    354.|      6.|     70.|       44.35
    355.|      1.|    138.|       33.68
    355.|      2.|    110.|        4.00
    355.|      3.|     70.|       43.73
    355.|      4.|     70.|       43.73
    355.|      5.|     70.|       43.73
    355.|      6.|     70.|       43.73
    356.|      1.|    138.|       34.81
    356.|      2.|    110.|        3.44
    356.|      3.|     70.|       43.10
    356.|      4.|     70.|       43.10
    356.|      5.|     70.|       43.10
    356.|      6.|     70.|       43.10
    357.|      1.|    138.|       35.93
    357.|      2.|    110.|        2.87
    357.|      3.|     70.|       42.45
    357.|      4.|     70.|       42.45
    357.|      5.|     70.|       42.45
    357.|      6.|     70.|       42.45
    358.|      1.|    138.|       37.04
    358.|      2.|    110.|        2.31
    358.|      3.|     70.|       41.79
    358.|      4.|     70.|       41.79
    358.|      5.|     70.|       41.79
    358.|      6.|     70.|       41.79
    359.|      1.|    138.|       38.14
    359.|      2.|    110.|        1.74
    359.|      3.|     70.|       41.12
    359.|      4.|     70.|       41.12
    359.|      5.|     70.|       41.12
    359.|      6.|     70.|       41.12
    360.|      1.|    138.|       39.23
    360.|      2.|    110.|        1.17
    360.|      3.|     70.|       40.43
    360.|      4.|     70.|       40.43
    360.|      5.|     70.|       40.43
    360.|      6.|     70.|       40.43
